1 0.5809895833333333 0.4351851851851852 0.10885416666666667 0.20925925925925926
3 0.56875 0.4425925925925926 0.14791666666666667 0.17314814814814813
3 0.5571614583333333 0.4412037037037037 0.17109375 0.17314814814814813
3 0.5442708333333334 0.44375 0.19270833333333334 0.18101851851851852
2 0.5709635416666666 0.43194444444444446 0.11223958333333334 0.21851851851851853
3 0.5421875 0.44305555555555554 0.19791666666666666 0.16944444444444445
3 0.543359375 0.44907407407407407 0.19557291666666668 0.17314814814814813
3 0.5385416666666667 0.4511574074074074 0.20833333333333334 0.16157407407407406
3 0.5483072916666667 0.44583333333333336 0.19036458333333334 0.16666666666666666
2 0.5627604166666667 0.43449074074074073 0.11666666666666667 0.21805555555555556
2 0.56171875 0.4337962962962963 0.125 0.21944444444444444
5 0.5872395833333334 0.4511574074074074 0.11822916666666666 0.17453703703703705
5 0.5873697916666667 0.45046296296296295 0.10651041666666666 0.17314814814814813
5 0.5872395833333334 0.44837962962962963 0.109375 0.17175925925925925
5 0.58515625 0.44907407407407407 0.11979166666666667 0.1787037037037037
2 0.559375 0.42777777777777776 0.1265625 0.22870370370370371
5 0.5888020833333333 0.4476851851851852 0.109375 0.1814814814814815
5 0.5861979166666667 0.45023148148148145 0.11302083333333333 0.1865740740740741
5 0.5850260416666667 0.44837962962962963 0.11536458333333334 0.17453703703703705
5 0.5850260416666667 0.44907407407407407 0.11223958333333334 0.18425925925925926
5 0.5850260416666667 0.45092592592592595 0.11692708333333333 0.1824074074074074
5 0.584765625 0.4516203703703704 0.11171875 0.18101851851851852
5 0.584375 0.44699074074074074 0.1125 0.17175925925925925
5 0.5858072916666667 0.45046296296296295 0.11223958333333334 0.17314814814814813
5 0.5873697916666667 0.45046296296296295 0.11223958333333334 0.1787037037037037
5 0.5869791666666667 0.44837962962962963 0.11145833333333334 0.18009259259259258
2 0.559765625 0.4377314814814815 0.13776041666666666 0.21157407407407408
5 0.5869791666666667 0.45185185185185184 0.11770833333333333 0.17592592592592593
5 0.5865885416666666 0.4497685185185185 0.11536458333333334 0.16435185185185186
5 0.5880208333333333 0.4423611111111111 0.1109375 0.18935185185185185
5 0.59296875 0.45092592592592595 0.11614583333333334 0.18518518518518517
5 0.5877604166666667 0.4476851851851852 0.11302083333333333 0.17592592592592593
5 0.58984375 0.4497685185185185 0.11302083333333333 0.18009259259259258
5 0.5873697916666667 0.4497685185185185 0.11380208333333333 0.17453703703703705
5 0.5884114583333333 0.45092592592592595 0.11328125 0.1824074074074074
5 0.5877604166666667 0.44907407407407407 0.11302083333333333 0.1814814814814815
2 0.559375 0.4340277777777778 0.13541666666666666 0.21435185185185185
2 0.3763020833333333 0.3386574074074074 0.10260416666666666 0.23564814814814813
2 0.370703125 0.3326388888888889 0.10338541666666666 0.2662037037037037
2 0.36484375 0.324537037037037 0.10625 0.26851851851851855
2 0.3578125 0.32407407407407407 0.0953125 0.25092592592592594
2 0.3536458333333333 0.3189814814814815 0.09583333333333334 0.2777777777777778
2 0.350390625 0.3261574074074074 0.09661458333333334 0.2791666666666667
2 0.3514322916666667 0.3194444444444444 0.10026041666666667 0.27870370370370373
2 0.35182291666666665 0.3280092592592593 0.0984375 0.2726851851851852
1 0.5977864583333333 0.4284722222222222 0.11223958333333334 0.19027777777777777
2 0.35104166666666664 0.32939814814814816 0.096875 0.2726851851851852
2 0.35442708333333334 0.32523148148148145 0.09895833333333333 0.2671296296296296
2 0.3626302083333333 0.33194444444444443 0.10182291666666667 0.2564814814814815
1 0.597265625 0.4270833333333333 0.12057291666666667 0.19305555555555556
2 0.07395833333333333 0.43449074074074073 0.13177083333333334 0.26064814814814813
2 0.076171875 0.41597222222222224 0.13932291666666666 0.25787037037037036
2 0.08203125 0.4224537037037037 0.15104166666666666 0.26064814814814813
2 0.08515625 0.42453703703703705 0.15260416666666668 0.262037037037037
2 0.09140625 0.42986111111111114 0.16354166666666667 0.26157407407407407
2 0.08815104166666667 0.4127314814814815 0.16744791666666667 0.25416666666666665
1 0.5955729166666667 0.4252314814814815 0.11979166666666667 0.19675925925925927
2 0.08958333333333333 0.4273148148148148 0.171875 0.2564814814814815
2 0.08841145833333333 0.41944444444444445 0.16796875 0.262037037037037
2 0.09114583333333333 0.42777777777777776 0.171875 0.25277777777777777
2 0.08697916666666666 0.42083333333333334 0.16822916666666668 0.25925925925925924
2 0.08984375 0.42453703703703705 0.17552083333333332 0.26481481481481484
2 0.08880208333333334 0.43125 0.16614583333333333 0.2726851851851852
2 0.08098958333333334 0.42476851851851855 0.1546875 0.26990740740740743
1 0.5924479166666666 0.42592592592592593 0.12135416666666667 0.20925925925925926
5 0.240234375 0.5111111111111111 0.14869791666666668 0.28703703703703703
5 0.240625 0.5046296296296297 0.14791666666666667 0.3138888888888889
5 0.23841145833333333 0.517824074074074 0.14505208333333333 0.3375
5 0.23984375 0.5159722222222223 0.1421875 0.34120370370370373
5 0.24166666666666667 0.5206018518518518 0.14739583333333334 0.32916666666666666
5 0.24244791666666668 0.5206018518518518 0.14114583333333333 0.31342592592592594
5 0.240625 0.5199074074074074 0.14947916666666666 0.33055555555555555
1 0.5951822916666667 0.42939814814814814 0.11901041666666666 0.2023148148148148
5 0.23984375 0.5273148148148148 0.15260416666666668 0.32407407407407407
5 0.238671875 0.5256944444444445 0.15026041666666667 0.3189814814814815
5 0.239453125 0.5277777777777778 0.14869791666666668 0.33611111111111114
5 0.238671875 0.5303240740740741 0.15182291666666667 0.3282407407407407
5 0.23984375 0.5303240740740741 0.15416666666666667 0.3226851851851852
5 0.23984375 0.5282407407407408 0.1453125 0.32407407407407407
5 0.23763020833333334 0.5259259259259259 0.15234375 0.32685185185185184
5 0.23919270833333334 0.5344907407407408 0.15546875 0.3226851851851852
5 0.23984375 0.5284722222222222 0.15416666666666667 0.3263888888888889
5 0.240234375 0.5291666666666667 0.15494791666666666 0.32037037037037036
1 0.5998697916666667 0.42453703703703705 0.11536458333333334 0.19814814814814816
5 0.2390625 0.5273148148148148 0.15260416666666668 0.32407407407407407
5 0.2390625 0.5303240740740741 0.15104166666666666 0.3226851851851852
1 0.5947916666666667 0.4270833333333333 0.11666666666666667 0.19583333333333333
0 0.22799479166666667 0.29768518518518516 0.11692708333333333 0.1824074074074074
0 0.22903645833333333 0.2949074074074074 0.12630208333333334 0.18796296296296297
0 0.22786458333333334 0.2916666666666667 0.11822916666666666 0.18611111111111112
0 0.22877604166666668 0.2923611111111111 0.12421875 0.18009259259259258
0 0.22747395833333334 0.2923611111111111 0.11901041666666666 0.17731481481481481
0 0.22604166666666667 0.29444444444444445 0.121875 0.17314814814814813
0 0.22643229166666667 0.2962962962962963 0.12109375 0.17962962962962964
0 0.225390625 0.30092592592592593 0.12213541666666666 0.17037037037037037
0 0.22317708333333333 0.2974537037037037 0.1234375 0.17731481481481481
0 0.224609375 0.2969907407407407 0.11901041666666666 0.17824074074074073
0 0.22200520833333334 0.29560185185185184 0.12578125 0.1837962962962963
0 0.224609375 0.29097222222222224 0.12057291666666667 0.16898148148148148
0 0.22578125 0.2969907407407407 0.12135416666666667 0.17824074074074073
0 0.22161458333333334 0.2916666666666667 0.1265625 0.17037037037037037
0 0.22578125 0.2923611111111111 0.11822916666666666 0.16898148148148148
0 0.222265625 0.29814814814814816 0.11901041666666666 0.17592592592592593
0 0.22317708333333333 0.3002314814814815 0.1234375 0.17453703703703705
0 0.22044270833333332 0.2962962962962963 0.11692708333333333 0.16944444444444445
1 0.37591145833333334 0.36527777777777776 0.12421875 0.2037037037037037
1 0.3763020833333333 0.35717592592592595 0.1265625 0.20601851851851852
1 0.37604166666666666 0.3398148148148148 0.11979166666666667 0.2222222222222222
1 0.37786458333333334 0.34675925925925927 0.1234375 0.24074074074074073
1 0.378515625 0.34120370370370373 0.13098958333333333 0.24074074074074073
1 0.37669270833333335 0.3398148148148148 0.12265625 0.225
1 0.37526041666666665 0.35694444444444445 0.12708333333333333 0.18518518518518517
1 0.37526041666666665 0.3539351851851852 0.12135416666666667 0.22083333333333333
1 0.373828125 0.34328703703703706 0.12578125 0.22083333333333333
1 0.3782552083333333 0.3414351851851852 0.12265625 0.2300925925925926
1 0.37526041666666665 0.3365740740740741 0.12135416666666667 0.23425925925925925
1 0.3782552083333333 0.33935185185185185 0.12421875 0.23148148148148148
1 0.3748697916666667 0.34328703703703706 0.12369791666666667 0.21805555555555556
1 0.6453125 0.4391203703703704 0.15260416666666668 0.18009259259259258
1 0.646484375 0.4358796296296296 0.14869791666666668 0.17824074074074073
4 0.07278645833333333 0.4173611111111111 0.13411458333333334 0.23657407407407408
4 0.06966145833333333 0.4212962962962963 0.13880208333333333 0.25
4 0.07356770833333333 0.4134259259259259 0.14453125 0.24444444444444444
4 0.07395833333333333 0.4074074074074074 0.1421875 0.25925925925925924
4 0.076953125 0.4013888888888889 0.13776041666666666 0.2657407407407407
4 0.07395833333333333 0.40925925925925927 0.1390625 0.26851851851851855
4 0.0765625 0.41412037037037036 0.14114583333333333 0.26805555555555555
4 0.07760416666666667 0.4270833333333333 0.14322916666666666 0.2763888888888889
4 0.0796875 0.41689814814814813 0.14322916666666666 0.26805555555555555
4 0.076953125 0.41967592592592595 0.14036458333333332 0.27175925925925926
4 0.07356770833333333 0.4393518518518518 0.14036458333333332 0.2574074074074074
4 0.07213541666666666 0.42777777777777776 0.14166666666666666 0.27314814814814814
4 0.07395833333333333 0.41921296296296295 0.14114583333333333 0.26805555555555555
4 0.071484375 0.4113425925925926 0.14036458333333332 0.2689814814814815
4 0.07447916666666667 0.4064814814814815 0.14114583333333333 0.26944444444444443
4 0.07356770833333333 0.40717592592592594 0.14453125 0.26805555555555555
4 0.076953125 0.40208333333333335 0.15130208333333334 0.27546296296296297
4 0.07591145833333333 0.3972222222222222 0.14921875 0.27037037037037037
4 0.07799479166666666 0.4039351851851852 0.15338541666666666 0.2763888888888889
4 0.07760416666666667 0.4046296296296296 0.15416666666666667 0.275
4 0.07721354166666666 0.4027777777777778 0.15078125 0.27685185185185185
4 0.07890625 0.4046296296296296 0.15416666666666667 0.28055555555555556
4 0.07356770833333333 0.4099537037037037 0.14609375 0.27175925925925926
7 0.30690104166666665 0.30185185185185187 0.28359375 0.16203703703703703
7 0.30416666666666664 0.3125 0.2755208333333333 0.16666666666666666
7 0.29856770833333335 0.3106481481481482 0.27265625 0.17777777777777778
7 0.29544270833333336 0.30671296296296297 0.26119791666666664 0.1486111111111111
7 0.30078125 0.3106481481481482 0.2630208333333333 0.17037037037037037
7 0.29661458333333335 0.3108796296296296 0.25625 0.16805555555555557
7 0.29908854166666665 0.31203703703703706 0.25703125 0.17777777777777778
7 0.298046875 0.30277777777777776 0.25494791666666666 0.16944444444444445
7 0.303125 0.3145833333333333 0.26927083333333335 0.1875
7 0.29583333333333334 0.30949074074074073 0.2671875 0.17546296296296296
3 0.21015625 0.4988425925925926 0.22760416666666666 0.31805555555555554
3 0.19895833333333332 0.4930555555555556 0.24739583333333334 0.31296296296296294
3 0.2 0.4928240740740741 0.2453125 0.2986111111111111
3 0.19518229166666667 0.5043981481481481 0.23828125 0.30694444444444446
3 0.19375 0.5118055555555555 0.24114583333333334 0.31712962962962965
3 0.193359375 0.5064814814814815 0.23776041666666667 0.32037037037037036
3 0.20260416666666667 0.5039351851851852 0.23020833333333332 0.3106481481481482
2 0.56796875 0.25046296296296294 0.08645833333333333 0.1648148148148148
2 0.576171875 0.24976851851851853 0.08776041666666666 0.16805555555555557
2 0.5856770833333333 0.2462962962962963 0.09322916666666667 0.18518518518518517
2 0.595703125 0.24375 0.08984375 0.17824074074074073
2 0.6018229166666667 0.24444444444444444 0.09114583333333333 0.17685185185185184
2 0.6026041666666667 0.25046296296296294 0.09270833333333334 0.16944444444444445
2 0.60703125 0.24675925925925926 0.1 0.17407407407407408
2 0.6111979166666667 0.24560185185185185 0.1015625 0.16435185185185186
2 0.6118489583333333 0.24861111111111112 0.10286458333333333 0.16574074074074074
2 0.612109375 0.25046296296296294 0.10494791666666667 0.15
2 0.6115885416666667 0.24560185185185185 0.10078125 0.1476851851851852
2 0.609765625 0.24791666666666667 0.10026041666666667 0.16712962962962963
2 0.6032552083333333 0.25046296296296294 0.09921875 0.17222222222222222
2 0.59296875 0.25416666666666665 0.0953125 0.17407407407407408
2 0.5802083333333333 0.24861111111111112 0.0890625 0.16296296296296298
2 0.5755208333333334 0.25416666666666665 0.090625 0.15925925925925927
5 0.75234375 0.5599537037037037 0.1546875 0.27175925925925926
5 0.7548177083333333 0.5483796296296296 0.15963541666666667 0.24861111111111112
5 0.75234375 0.531712962962963 0.14791666666666667 0.22546296296296298
5 0.7510416666666667 0.5354166666666667 0.1453125 0.2300925925925926
5 0.7546875 0.5409722222222222 0.14583333333333334 0.22175925925925927
5 0.7540364583333333 0.5409722222222222 0.15026041666666667 0.22175925925925927
1 0.598828125 0.42407407407407405 0.11380208333333333 0.19537037037037036
5 0.7563802083333333 0.5393518518518519 0.14661458333333333 0.22777777777777777
5 0.7557291666666667 0.5365740740740741 0.15208333333333332 0.21296296296296297
5 0.7645833333333333 0.5344907407407408 0.17135416666666667 0.20601851851851852
5 0.7673177083333333 0.537962962962963 0.17265625 0.21574074074074073
5 0.7690104166666667 0.5421296296296296 0.16927083333333334 0.21666666666666667
5 0.7680989583333333 0.544212962962963 0.17005208333333333 0.21805555555555556
5 0.769140625 0.537962962962963 0.16796875 0.2324074074074074
5 0.7662760416666666 0.5361111111111111 0.16796875 0.21944444444444444
5 0.7666666666666667 0.5539351851851851 0.16875 0.20601851851851852
5 0.76875 0.5539351851851851 0.17135416666666667 0.1986111111111111
1 0.59609375 0.4215277777777778 0.11770833333333333 0.17546296296296296
5 0.768359375 0.5546296296296296 0.17057291666666666 0.20462962962962963
5 0.76875 0.5543981481481481 0.16875 0.19212962962962962
5 0.7653645833333333 0.5509259259259259 0.17552083333333332 0.19722222222222222
5 0.769140625 0.5550925925925926 0.17213541666666668 0.1962962962962963
5 0.7657552083333333 0.5537037037037037 0.17473958333333334 0.18888888888888888
5 0.76640625 0.5574074074074075 0.1734375 0.1935185185185185
5 0.7670572916666667 0.5465277777777777 0.17473958333333334 0.20601851851851852
5 0.7670572916666667 0.5488425925925926 0.17057291666666666 0.20324074074074075
5 0.7690104166666667 0.5488425925925926 0.1734375 0.21064814814814814
5 0.766796875 0.5453703703703704 0.17265625 0.21574074074074073
1 0.5953125 0.42824074074074076 0.11510416666666666 0.18888888888888888
5 0.7609375 0.5476851851851852 0.18697916666666667 0.20092592592592592
5 0.7662760416666666 0.5548611111111111 0.17473958333333334 0.1986111111111111
5 0.7731770833333333 0.5539351851851851 0.17604166666666668 0.1986111111111111
0 0.7236979166666667 0.21412037037037038 0.09322916666666667 0.14953703703703702
0 0.7212239583333333 0.2150462962962963 0.09244791666666667 0.15694444444444444
0 0.721484375 0.2175925925925926 0.09036458333333333 0.15925925925925927
0 0.7227864583333333 0.21875 0.09036458333333333 0.16712962962962963
0 0.7221354166666667 0.2152777777777778 0.090625 0.15462962962962962
0 0.721484375 0.21898148148148147 0.09296875 0.16203703703703703
0 0.7227864583333333 0.2175925925925926 0.09192708333333334 0.16203703703703703
0 0.7252604166666666 0.21643518518518517 0.08854166666666667 0.1597222222222222
0 0.7231770833333333 0.21828703703703703 0.08697916666666666 0.17083333333333334
0 0.7265625 0.2150462962962963 0.09375 0.1597222222222222
0 0.7225260416666667 0.21342592592592594 0.09244791666666667 0.15833333333333333
0 0.7208333333333333 0.21458333333333332 0.09322916666666667 0.15324074074074073
0 0.723828125 0.2199074074074074 0.08828125 0.16203703703703703
0 0.723828125 0.21458333333333332 0.09401041666666667 0.16064814814814815
0 0.72421875 0.21689814814814815 0.09322916666666667 0.15324074074074073
0 0.7223958333333333 0.21574074074074073 0.09114583333333333 0.15833333333333333
0 0.7255208333333333 0.2175925925925926 0.09322916666666667 0.16666666666666666
0 0.7248697916666667 0.21643518518518517 0.09192708333333334 0.15231481481481482
0 0.7244791666666667 0.21875 0.09114583333333333 0.15694444444444444
0 0.7265625 0.21388888888888888 0.09114583333333333 0.16944444444444445
0 0.7263020833333333 0.20902777777777778 0.09166666666666666 0.16435185185185186
0 0.7248697916666667 0.21712962962962962 0.09453125 0.16574074074074074
0 0.7252604166666666 0.21597222222222223 0.08854166666666667 0.1486111111111111
0 0.72421875 0.22013888888888888 0.0890625 0.17175925925925925
0 0.726171875 0.21828703703703703 0.08776041666666666 0.16064814814814815
0 0.725 0.21712962962962962 0.0890625 0.17314814814814813
0 0.7234375 0.2127314814814815 0.0890625 0.1597222222222222
0 0.724609375 0.21828703703703703 0.08828125 0.17083333333333334
0 0.7239583333333334 0.21458333333333332 0.08697916666666666 0.15601851851851853
0 0.7248697916666667 0.2152777777777778 0.08776041666666666 0.16203703703703703
0 0.7252604166666666 0.20972222222222223 0.0828125 0.16111111111111112
0 0.7248697916666667 0.21203703703703702 0.09036458333333333 0.16296296296296298
0 0.72421875 0.2152777777777778 0.09166666666666666 0.16203703703703703
0 0.724609375 0.2101851851851852 0.08828125 0.16666666666666666
0 0.7259114583333334 0.20856481481481481 0.08984375 0.16342592592592592
0 0.7255208333333333 0.2152777777777778 0.09322916666666667 0.16203703703703703
1 0.6194010416666667 0.3541666666666667 0.11796875 0.21574074074074073
1 0.6220052083333333 0.3527777777777778 0.11380208333333333 0.23055555555555557
1 0.6194010416666667 0.3539351851851852 0.12109375 0.2375
1 0.6236979166666666 0.3527777777777778 0.115625 0.23055555555555557
1 0.623046875 0.34074074074074073 0.12005208333333334 0.2351851851851852
1 0.623046875 0.3365740740740741 0.11171875 0.23148148148148148
1 0.6234375 0.3423611111111111 0.11927083333333334 0.2412037037037037
1 0.623828125 0.34120370370370373 0.11588541666666667 0.21666666666666667
1 0.623046875 0.34375 0.11171875 0.2412037037037037
1 0.62421875 0.34444444444444444 0.1109375 0.24259259259259258
1 0.623828125 0.33564814814814814 0.11171875 0.24259259259259258
1 0.6204427083333334 0.3418981481481482 0.10911458333333333 0.2569444444444444
1 0.62265625 0.33912037037037035 0.11458333333333333 0.25601851851851853
1 0.6234375 0.3363425925925926 0.1125 0.26064814814814813
1 0.6220052083333333 0.35347222222222224 0.11380208333333333 0.2412037037037037
1 0.6248697916666667 0.34675925925925927 0.11223958333333334 0.24722222222222223
1 0.6204427083333334 0.3449074074074074 0.12005208333333334 0.24351851851851852
1 0.6227864583333333 0.3474537037037037 0.11796875 0.2337962962962963
1 0.6234375 0.35532407407407407 0.1125 0.24953703703703703
1 0.617578125 0.34791666666666665 0.11171875 0.2449074074074074
1 0.6192708333333333 0.3460648148148148 0.11145833333333334 0.2439814814814815
1 0.6194010416666667 0.35162037037037036 0.10546875 0.24027777777777778
1 0.62421875 0.35300925925925924 0.11510416666666666 0.2375
1 0.6217447916666666 0.3509259259259259 0.11328125 0.23148148148148148
1 0.623046875 0.3490740740740741 0.11171875 0.24722222222222223
1 0.6227864583333333 0.35648148148148145 0.11536458333333334 0.23981481481481481
1 0.6223958333333334 0.3511574074074074 0.11302083333333333 0.22916666666666666
1 0.6209635416666667 0.34050925925925923 0.11432291666666666 0.2300925925925926
1 0.621484375 0.34976851851851853 0.11640625 0.2412037037037037
1 0.6234375 0.35462962962962963 0.11666666666666667 0.2388888888888889
1 0.6200520833333333 0.34305555555555556 0.11510416666666666 0.24259259259259258
1 0.6213541666666667 0.3486111111111111 0.11510416666666666 0.2388888888888889
1 0.623046875 0.3460648148148148 0.11588541666666667 0.24861111111111112
1 0.6236979166666666 0.3472222222222222 0.1171875 0.2462962962962963
1 0.6204427083333334 0.34120370370370373 0.10911458333333333 0.23425925925925925
1 0.6217447916666666 0.3453703703703704 0.11848958333333333 0.24259259259259258
4 0.8002604166666667 0.2881944444444444 0.10677083333333333 0.20324074074074075
4 0.8040364583333334 0.28703703703703703 0.11328125 0.20833333333333334
4 0.801953125 0.27314814814814814 0.12005208333333334 0.20462962962962963
4 0.796875 0.27546296296296297 0.12604166666666666 0.22685185185185186
4 0.6502604166666667 0.6446759259259259 0.1671875 0.4023148148148148
4 0.7985677083333333 0.2622685185185185 0.12682291666666667 0.22175925925925927
4 0.799609375 0.2712962962962963 0.12057291666666667 0.22777777777777777
4 0.80234375 0.2712962962962963 0.11354166666666667 0.22314814814814815
4 0.808203125 0.26273148148148145 0.11588541666666667 0.22083333333333333
4 0.805078125 0.2724537037037037 0.10807291666666667 0.2152777777777778
4 0.8061197916666667 0.27546296296296297 0.10755208333333334 0.2212962962962963
4 0.8069010416666667 0.26875 0.11171875 0.20601851851851852
7 0.7296875 0.3388888888888889 0.3125 0.2
7 0.73203125 0.3400462962962963 0.32135416666666666 0.2023148148148148
7 0.7299479166666667 0.3365740740740741 0.3104166666666667 0.20462962962962963
4 0.648828125 0.637962962962963 0.15234375 0.40555555555555556
7 0.73359375 0.3296296296296296 0.3255208333333333 0.2351851851851852
7 0.7311197916666666 0.32592592592592595 0.3111979166666667 0.2351851851851852
7 0.730078125 0.3300925925925926 0.32265625 0.21203703703703702
7 0.7282552083333333 0.3351851851851852 0.3111979166666667 0.23148148148148148
7 0.7303385416666667 0.33101851851851855 0.30963541666666666 0.22037037037037038
7 0.7231770833333333 0.33564814814814814 0.32395833333333335 0.23981481481481481
7 0.7334635416666667 0.33564814814814814 0.33255208333333336 0.2351851851851852
7 0.7279947916666667 0.32893518518518516 0.31588541666666664 0.20972222222222223
7 0.730078125 0.3277777777777778 0.30494791666666665 0.22407407407407406
7 0.7266927083333333 0.3229166666666667 0.31588541666666664 0.1875
4 0.6467447916666667 0.6365740740740741 0.15755208333333334 0.425
7 0.7248697916666667 0.32708333333333334 0.31953125 0.1912037037037037
7 0.726953125 0.3247685185185185 0.31796875 0.20601851851851852
7 0.723828125 0.33217592592592593 0.31744791666666666 0.19583333333333333
7 0.7296875 0.33402777777777776 0.32760416666666664 0.19675925925925927
4 0.651171875 0.6219907407407408 0.15286458333333333 0.41064814814814815
3 0.719140625 0.5282407407407408 0.19244791666666666 0.2814814814814815
3 0.6923177083333333 0.5344907407407408 0.24036458333333333 0.30324074074074076
3 0.690234375 0.5344907407407408 0.25026041666666665 0.2791666666666667
3 0.691015625 0.5532407407407407 0.25286458333333334 0.2657407407407407
3 0.690625 0.5405092592592593 0.24947916666666667 0.2791666666666667
3 0.69296875 0.544675925925926 0.24739583333333334 0.29212962962962963
4 0.651171875 0.6354166666666666 0.14869791666666668 0.4300925925925926
4 0.6522135416666667 0.6331018518518519 0.14817708333333332 0.425462962962963
4 0.6529947916666666 0.6458333333333334 0.15494791666666666 0.41944444444444445
4 0.6522135416666667 0.6462962962962963 0.15338541666666666 0.40555555555555556
4 0.6526041666666667 0.6386574074074074 0.15416666666666667 0.44583333333333336
4 0.6533854166666667 0.6331018518518519 0.15833333333333333 0.44212962962962965
4 0.65390625 0.6324074074074074 0.15416666666666667 0.44351851851851853
4 0.6529947916666666 0.6270833333333333 0.14661458333333333 0.449537037037037
4 0.6553385416666667 0.624537037037037 0.14713541666666666 0.4425925925925926
4 0.6578125 0.625 0.1453125 0.45555555555555555
4 0.6584635416666667 0.6215277777777778 0.14244791666666667 0.45787037037037037
4 0.656640625 0.6233796296296297 0.14192708333333334 0.45416666666666666
7 0.505859375 0.4222222222222222 0.35703125 0.21574074074074073
7 0.50625 0.42106481481481484 0.3536458333333333 0.22824074074074074
7 0.506640625 0.41805555555555557 0.35442708333333334 0.21666666666666667
7 0.5063802083333333 0.41388888888888886 0.35911458333333335 0.20092592592592592
7 0.5055989583333333 0.42476851851851855 0.35494791666666664 0.22083333333333333
7 0.5055989583333333 0.41597222222222224 0.35494791666666664 0.21805555555555556
7 0.5048177083333333 0.41875 0.35494791666666664 0.21805555555555556
7 0.5059895833333333 0.41435185185185186 0.35572916666666665 0.24166666666666667
7 0.505859375 0.40162037037037035 0.3502604166666667 0.2449074074074074
7 0.5114583333333333 0.4064814814814815 0.3380208333333333 0.25
7 0.5165364583333333 0.4009259259259259 0.33151041666666664 0.24351851851851852
7 0.5165364583333333 0.3990740740740741 0.32890625 0.23055555555555557
7 0.5158854166666667 0.40162037037037035 0.334375 0.2300925925925926
7 0.504296875 0.4076388888888889 0.35078125 0.22083333333333333
7 0.5049479166666667 0.40694444444444444 0.35208333333333336 0.2388888888888889
7 0.5055989583333333 0.40046296296296297 0.3533854166666667 0.2351851851851852
7 0.506640625 0.4099537037037037 0.34869791666666666 0.2300925925925926
0 0.5579427083333334 0.29768518518518516 0.12630208333333334 0.1638888888888889
0 0.5579427083333334 0.30162037037037037 0.12942708333333333 0.16157407407407406
0 0.5609375 0.30625 0.13229166666666667 0.1597222222222222
0 0.4046875 0.44050925925925927 0.1234375 0.1986111111111111
0 0.5631510416666666 0.2974537037037037 0.12786458333333334 0.1587962962962963
0 0.5623697916666667 0.3034722222222222 0.12630208333333334 0.1625
0 0.5627604166666667 0.30092592592592593 0.12447916666666667 0.16018518518518518
0 0.40091145833333336 0.43194444444444446 0.12942708333333333 0.19166666666666668
0 0.40911458333333334 0.4324074074074074 0.11302083333333333 0.2064814814814815
0 0.40651041666666665 0.42986111111111114 0.12291666666666666 0.19583333333333333
0 0.5661458333333333 0.29768518518518516 0.121875 0.16944444444444445
0 0.5661458333333333 0.29907407407407405 0.125 0.16666666666666666
0 0.402734375 0.4377314814814815 0.12734375 0.19305555555555556
https://github.com/felixchenfy/Realtime-Action-Recognition.git
